0.01 3.3707068 0.0014801588 0.000008537995
0.02 3.449394 0.0052706786 0.00003482587
0.03 3.9486616 0.0108731305 0.000087140405
0.04 4.3674088 0.017089231 0.00017915212
0.049999997 3.7295058 0.018172428 0.00023760178
0.06 4.459171 0.025958795 0.000414498
0.07 5.188156 0.037329488 0.00062187493
0.08 4.5996475 0.03697139 0.00072806876
0.089999996 4.9888153 0.050130744 0.001026796
0.099999994 5.1518373 0.061715443 0.0012616088
0.11 6.0668774 0.08121925 0.001866688
0.12 7.5883636 0.10972804 0.002723784
0.13 6.996789 0.113003515 0.0029689425
0.14 5.7355533 0.11295139 0.0027731014
0.14999999 5.134224 0.0997608 0.0028901144
0.16 6.8725157 0.15966326 0.004399031
0.17 6.844653 0.16878673 0.0051084296
0.17999999 6.5145035 0.1641856 0.0053019333
0.19 6.386701 0.16311412 0.0057757627
0.19999999 6.5131426 0.182419 0.006535668
0.21 6.4083257 0.1942389 0.007026404
0.22 6.7457914 0.20953736 0.008378875
0.22999999 7.9002185 0.25569203 0.010554314
0.24 8.660667 0.30618885 0.012498084
0.25 9.044834 0.34658816 0.01418843
0.26 8.445489 0.3476683 0.01457393
0.26999998 7.7446203 0.3380446 0.014049448
0.28 7.153234 0.31852084 0.014204342
0.29 6.9014444 0.31808257 0.014566865
0.29999998 6.9572573 0.32764652 0.015763815
0.31 6.9047337 0.32166868 0.016850054
0.32 6.7427626 0.33100003 0.017496409
0.32999998 6.5423965 0.3282665 0.017836109
0.34 6.202772 0.32560664 0.018144337
0.35 5.9844275 0.31913796 0.018382275
0.35999998 6.597037 0.3761512 0.021746319
0.37 6.788087 0.41327727 0.023540374
0.38 6.4223266 0.40478975 0.02339942
0.39 6.2714033 0.35835692 0.02414651
0.39999998 5.8286076 0.35687527 0.023706235
0.41 5.81808 0.38034743 0.024621883
0.42 5.8721457 0.40376744 0.02628634
0.42999998 6.318098 0.4242522 0.029611109
0.44 7.4717255 0.46122435 0.03620977
0.45 8.292307 0.5212464 0.0421937
0.45999998 8.517062 0.5430853 0.045372583
0.47 8.136052 0.5835384 0.0454265
0.48 7.836044 0.62819695 0.04550615
0.48999998 8.048681 0.66542697 0.048770543
0.5 8.189476 0.7050846 0.051423904
0.51 8.428291 0.73815185 0.055417243
0.52 8.668917 0.75927025 0.0587941
0.53 8.791391 0.7799468 0.06242349
0.53999996 8.902357 0.79390043 0.065526776
0.55 8.957667 0.7954068 0.06786388
0.56 8.908871 0.79993796 0.07030391
0.57 8.788662 0.7959281 0.072345436
0.58 8.708129 0.78333277 0.0736711
0.59 8.552883 0.7757325 0.074535884
0.59999996 8.337793 0.7598696 0.07571996
0.61 8.113891 0.7388909 0.07633691
0.62 7.9176364 0.722859 0.0764631
0.63 7.686189 0.70147663 0.07649425
0.64 7.429854 0.67627144 0.076741315
0.65 7.1715975 0.67848146 0.07663975
0.65999997 6.9578457 0.68116957 0.07624913
0.66999996 6.7307396 0.6852627 0.07570428
0.68 6.49562 0.68725294 0.07557767
0.69 6.25671 0.6874997 0.07524068
0.7 6.0425406 0.6863104 0.07472908
0.71 5.9645147 0.6839457 0.07592633
0.71999997 5.902619 0.68265235 0.07706271
0.72999996 5.8302436 0.6828763 0.07850245
0.74 5.774631 0.68215656 0.07958886
0.75 5.7038956 0.68065035 0.08103233
0.76 5.6443796 0.67849666 0.082107395
0.77 5.577613 0.6758178 0.083424315
0.78 5.506522 0.6727229 0.08452001
0.78999996 5.4455013 0.6693089 0.08559209
0.79999995 5.363039 0.66566384 0.08673549
0.81 5.375321 0.66186506 0.089085065
0.82 5.619045 0.677078 0.0953747
0.83 5.787805 0.69473946 0.10048776
0.84 5.8684134 0.7218285 0.104225345
0.84999996 5.8598185 0.7564098 0.10648583
0.85999995 5.767748 0.77802014 0.10726335
0.87 5.598342 0.78164965 0.10663795
0.88 5.358012 0.7919935 0.10449063
0.89 5.205127 0.80464995 0.1037395
0.9 5.296117 0.80112445 0.10793717
0.90999997 5.3552656 0.78449434 0.11185813
0.91999996 5.3904166 0.8189932 0.1151235
0.93 5.399206 0.85524315 0.11765273
0.94 5.369738 0.8800696 0.11933752
0.95 5.299271 0.903109 0.12056163
0.96 5.2148046 0.9156116 0.121044494
0.96999997 5.13256 0.92199755 0.1216153
0.97999996 5.1287847 0.9229368 0.124204956
0.98999995 5.118505 0.9135572 0.12632975
1 5.0703363 0.90272987 0.1275628
1.01 5.007508 0.8838701 0.12878463
1.02 4.932684 0.85705817 0.12924825
1.03 4.831909 0.8302249 0.1291657
1.04 4.729002 0.796256 0.12883581
1.05 4.6015797 0.75624585 0.12754612
1.06 4.46437 0.71614385 0.12625471
1.0699999 4.3043613 0.6816115 0.12388215
1.0799999 4.1410723 0.6677314 0.12141666
1.09 3.9506752 0.65845066 0.11810726
1.1 3.7638443 0.66162485 0.11437011
1.11 3.6429873 0.6596517 0.1129435
1.12 3.5443244 0.6599923 0.111941025
1.13 3.4548178 0.6657887 0.11097232
1.14 3.3560662 0.6693294 0.109773755
1.15 3.3802996 0.6707123 0.11267559
1.16 3.395019 0.67004544 0.11509765
1.17 3.3832216 0.6674472 0.11666259
1.18 3.3513658 0.66304326 0.11760887
1.1899999 3.3068376 0.65696603 0.11801084
1.1999999 3.2437377 0.6493524 0.11772267
1.2099999 3.1665645 0.64278615 0.11687689
1.22 3.0861125 0.6350332 0.11582649
1.23 2.9966595 0.625998 0.114356354
1.24 2.9016993 0.6158205 0.11252839
1.25 2.8056912 0.60464054 0.110574506
1.26 2.7079835 0.59259623 0.10837933
1.27 2.6072059 0.5798225 0.106004894
1.28 2.5072088 0.56645066 0.10349294
1.29 2.4102015 0.5526078 0.10103972
1.3 2.3139648 0.5384145 0.09850203
1.31 2.2214873 0.52398634 0.096045576
1.3199999 2.1390893 0.5094321 0.093891636
1.3299999 2.0630822 0.49485388 0.09192389
1.3399999 1.9949656 0.48034623 0.09022267
1.35 1.9357414 0.46599677 0.08884937
1.36 1.885963 0.45188573 0.08784717
1.37 1.8457735 0.44407883 0.08724138
1.38 1.8149679 0.446374 0.08704102
1.39 1.7930453 0.44852638 0.087240264
1.4 1.7792737 0.4505353 0.087820515
1.41 1.772743 0.4526496 0.0887524
1.42 1.7724195 0.45488933 0.089997806
1.43 1.777195 0.45698178 0.091512084
1.4399999 1.7859352 0.45892724 0.09324612
1.4499999 1.7975125 0.46072602 0.095148094
1.4599999 1.8108461 0.46237898 0.097165585
1.4699999 1.8249216 0.46388716 0.0993432
1.48 1.8393222 0.46525177 0.101574376
1.49 1.8548894 0.4664746 0.10379541
1.5 1.8690492 0.4675571 0.10596285
1.51 1.8811747 0.46965 0.108082145
1.52 1.8917238 0.47721237 0.110239245
1.53 1.9020468 0.4844235 0.11225625
1.54 1.9092817 0.49117887 0.1141076
1.55 1.9148499 0.4973947 0.11601515
1.56 1.919372 0.50300664 0.117734574
1.5699999 1.9204497 0.5079699 0.119250976
1.5799999 1.919379 0.5122801 0.12080401
1.5899999 1.9177661 0.5166397 0.12216594
1.5999999 1.9128845 0.52032477 0.12332216
1.61 1.9052787 0.52334756 0.12453908
1.62 1.8983665 0.5257329 0.12555778
1.63 1.888708 0.52751625 0.12646309
1.64 1.8777642 0.52874285 0.12737568
1.65 1.8670695 0.52946514 0.12812053
1.66 1.8543285 0.5297412 0.12889542
1.67 1.8422879 0.5296331 0.12959538
1.68 1.8296072 0.52920556 0.13024892
1.6899999 1.8293433 0.52852434 0.13173994
1.6999999 1.8336858 0.5276548 0.13357258
1.7099999 1.83655 0.5266609 0.13525619
1.7199999 1.8350842 0.52604115 0.13683356
1.73 1.8322287 0.52543646 0.13816485
1.74 1.8279247 0.52485013 0.13938253
1.75 1.8202152 0.52433354 0.14045423
1.76 1.8125544 0.5239329 0.14126727
1.77 1.8002551 0.5236889 0.14200878
1.78 1.7884347 0.52363724 0.14247236
1.79 1.7718892 0.5238065 0.14279748
1.8 1.7554295 0.5242208 0.1429531
1.81 1.7359338 0.524897 0.1427443
1.8199999 1.713215 0.52584726 0.14261697
1.8299999 1.6943817 0.52707666 0.14305985
1.8399999 1.69245 0.528586 0.14438696
1.8499999 1.6910558 0.53036994 0.14577867
1.86 1.6901793 0.532419 0.14736997
1.87 1.689775 0.53471845 0.14900836
1.88 1.6916181 0.53725046 0.15069036
1.89 1.6938545 0.53999186 0.15246159
1.9 1.696354 0.5429177 0.15439461
1.91 1.6997899 0.54625344 0.1563563
1.92 1.7045246 0.54983294 0.15833789
1.93 1.709245 0.5535232 0.16046433
1.9399999 1.7138373 0.5572898 0.1626585
1.9499999 1.7202635 0.56109834 0.16484687
1.9599999 1.7264173 0.56491244 0.16707982
1.9699999 1.7321205 0.58298314 0.1694433
1.9799999 1.7384533 0.5996542 0.17177002
1.99 1.7452204 0.6136556 0.17409399
2 1.7512103 0.6248452 0.17655237
2.01 1.7573313 0.63311505 0.17894056
2.02 1.7639073 0.6383906 0.18135168
2.03 1.7693992 0.64063334 0.1838248
2.04 1.7756025 0.6398424 0.18619274
2.05 1.7812369 0.6378765 0.18868792
2.06 1.7862232 0.63296443 0.19109403
2.07 1.7917644 0.62517196 0.19350165
2.08 1.7958182 0.61462766 0.19591969
2.09 1.8010491 0.6177799 0.19818953
2.1 1.8046364 0.6246449 0.20059448
2.11 1.8083605 0.6311772 0.20282102
2.12 1.8113238 0.6373467 0.2050171
2.1299999 1.8124655 0.64312375 0.20718844
2.1399999 1.8144912 0.6484818 0.209152
2.1499999 1.8147734 0.6533954 0.21122801
2.1599998 1.8172789 0.65784097 0.21352589
2.1699998 1.8281655 0.66179776 0.21665603
2.18 1.8380897 0.6652462 0.21986589
2.19 1.847008 0.6686308 0.22302018
2.2 1.8548808 0.6718839 0.22607437
2.21 1.8633256 0.6745886 0.22902061
2.22 1.8707964 0.676733 0.2318676
2.23 1.8771508 0.678307 0.23481226
2.24 1.8823645 0.67930055 0.2376341
2.25 1.8864623 0.67970896 0.24032663
2.26 1.8912126 0.6795258 0.24288347
2.27 1.8947836 0.6787507 0.24536999
2.28 1.8971616 0.6773821 0.24789774
2.29 1.8983403 0.67590916 0.2502787
2.3 1.8983163 0.676939 0.25250813
2.31 1.8988514 0.6773566 0.25458187
2.32 1.8983431 0.67784065 0.25660026
2.33 1.8966315 0.6779493 0.25862482
2.34 1.8937242 0.6774442 0.26048604
2.35 1.8896317 0.67632896 0.26218084
2.36 1.8856735 0.67843574 0.26370698
2.37 1.8811557 0.68070966 0.2651592
2.3799999 1.8754783 0.68266773 0.26662377
2.3899999 1.8686574 0.68461835 0.2679152
2.3999999 1.8607137 0.6859381 0.26903224
2.4099998 1.8520359 0.6887312 0.26997393
2.4199998 1.8437735 0.69433045 0.27085492
2.4299998 1.8344272 0.6999441 0.27172923
2.44 1.8240274 0.70545685 0.2724273
2.45 1.8125986 0.7106425 0.2729488
2.46 1.8001727 0.71629465 0.27331778
2.47 1.7876294 0.723101 0.27377152
2.48 1.775034 0.7295883 0.27404946
2.49 1.7614961 0.7357977 0.27415305
2.5 1.7470462 0.74221176 0.2742541
2.51 1.7317195 0.7483017 0.27429175
2.52 1.7170545 0.75406504 0.2741569
2.53 1.7016884 0.7595002 0.27403563
2.54 1.6859845 0.7646063 0.27383742
2.55 1.6706189 0.76938224 0.2734705
2.56 1.6550862 0.77382874 0.273155
2.57 1.6397462 0.77794564 0.2727276
2.58 1.6236366 0.7817345 0.27213567
2.59 1.6082195 0.78519624 0.27160272
2.6 1.5921836 0.7883334 0.27095407
2.61 1.5754389 0.79168534 0.2701458
2.62 1.559145 0.79475886 0.26940235
2.6299999 1.5425233 0.79751253 0.26854163
2.6399999 1.5252507 0.7999499 0.26756552
2.6499999 1.5079733 0.8020744 0.26665485
2.6599998 1.4908719 0.80388933 0.2655918
2.6699998 1.4731756 0.8053997 0.26459655
2.6799998 1.4557625 0.8066092 0.26348847
2.69 1.4382801 0.8075225 0.2624225
2.7 1.421457 0.8081445 0.261271
2.71 1.4046366 0.8084807 0.26015314
2.72 1.3881428 0.8085363 0.25896072
2.73 1.3715093 0.8083161 0.2578189
2.74 1.3552318 0.80782664 0.25658736
2.75 1.3441862 0.8070743 0.25566146
2.76 1.3539488 0.80606407 0.259325
2.77 1.362257 0.8048022 0.26272172
2.78 1.3674178 0.8032952 0.2655789
2.79 1.3713152 0.80189085 0.2681568
2.8 1.3719127 0.8003909 0.27016717
2.81 1.3714993 0.7986565 0.27193165
2.82 1.3680303 0.7966949 0.27307674
2.83 1.3630383 0.7945114 0.27404207
2.84 1.3557694 0.7921134 0.27438396
2.85 1.3464543 0.78950703 0.2745039
2.86 1.3356761 0.786699 0.27408653
2.87 1.3223308 0.7836961 0.27334145
2.8799999 1.3083493 0.7805046 0.27219838
2.8899999 1.2918571 0.7771308 0.27056518
2.8999999 1.2742882 0.773582 0.26873583
2.9099998 1.2551167 0.76986396 0.26636797
2.9199998 1.2339096 0.76598376 0.26368958
2.9299998 1.2123897 0.7619481 0.26071087
2.9399998 1.1938286 0.7577623 0.25990224
2.95 1.1873443 0.7534331 0.25997183
2.96 1.1782014 0.74896747 0.25957158
2.97 1.1680355 0.74437106 0.2589066
2.98 1.1551888 0.7396497 0.2579656
2.99 1.1411324 0.73481077 0.2567833
3 1.1261902 0.72990733 0.25539902
3.01 1.111463 0.7251521 0.25378847
3.02 1.0963907 0.7202872 0.2519026
3.03 1.0847609 0.715318 0.25013116
3.04 1.0792233 0.710251 0.2504863
3.05 1.0736754 0.7050911 0.25077525
3.06 1.0679064 0.6998437 0.25099865
3.07 1.0620646 0.6945141 0.25123665
3.08 1.0564442 0.68910825 0.25147212
3.09 1.0506158 0.6836307 0.25164402
3.1 1.0445888 0.67808676 0.2517534
3.11 1.0383724 0.67248154 0.25180158
3.12 1.0319736 0.6668195 0.25178945
3.1299999 1.0254028 0.6658908 0.2517185
3.1399999 1.018898 0.6657123 0.25158933
3.1499999 1.0125041 0.6654536 0.25144115
3.1599998 1.0059476 0.6651163 0.25132835
3.1699998 0.9992373 0.66470224 0.25115958
3.1799998 0.9923792 0.66421294 0.25093555
3.1899998 0.9853816 0.66365075 0.2506577
3.1999998 0.9782524 0.6630173 0.25032726
3.21 0.97099805 0.6623143 0.24994528
3.22 0.9636252 0.6615432 0.24951291
3.23 0.95614195 0.66070676 0.24903142
3.24 0.94855404 0.65980583 0.24855429
3.25 0.9408672 0.65884244 0.24809301
3.26 0.93308854 0.657818 0.24758416
3.27 0.9252243 0.6567347 0.24702886
3.28 0.91728044 0.65559393 0.24642842
3.29 0.90939784 0.6543975 0.24578369
3.3 0.90167594 0.65314674 0.24509594
3.31 0.89388037 0.6518434 0.24436605
3.32 0.8860166 0.6504889 0.24359533
3.33 0.8780918 0.6490855 0.24283342
3.34 0.8701093 0.647634 0.24208641
3.35 0.8620744 0.64613605 0.2413
3.36 0.8539934 0.6445935 0.24047537
3.37 0.8458698 0.64300746 0.23961356
3.3799999 0.8377094 0.6413794 0.23871557
3.3899999 0.8295162 0.6397111 0.23778252
3.3999999 0.8212943 0.6380037 0.23681535
3.4099998 0.8130486 0.63625866 0.23581518
3.4199998 0.8047824 0.6344771 0.23482576
3.4299998 0.7966839 0.63266087 0.23385173
3.4399998 0.7886511 0.6308108 0.23284577
3.4499998 0.7806014 0.6289284 0.23180911
3.46 0.77253807 0.6270144 0.23074253
3.47 0.7644664 0.6250711 0.2296473
3.48 0.7563883 0.6230989 0.22852425
3.49 0.7483076 0.62109923 0.22737402
3.5 0.7402283 0.6190735 0.2261981
3.51 0.7321533 0.6170983 0.22506018
3.52 0.72408545 0.61513925 0.22391158
3.53 0.7160549 0.61315507 0.22273815
3.54 0.70821786 0.6111467 0.22154087
3.55 0.7003882 0.6091149 0.22032036
3.56 0.69257045 0.6070611 0.21907757
3.57 0.684767 0.60498637 0.21781355
3.58 0.67698073 0.6028916 0.216529
3.59 0.66921353 0.600778 0.21527463
3.6 0.6614678 0.5986459 0.2140181
3.61 0.6537461 0.59649664 0.21274209
3.62 0.6460507 0.5943317 0.21144716
3.6299999 0.63838434 0.5921511 0.21013436
3.6399999 0.6307478 0.5899562 0.20880418
3.6499999 0.6231446 0.5877483 0.20745768
3.6599998 0.6157119 0.58552706 0.20610303
3.6699998 0.60832345 0.58329463 0.20478475
3.6799998 0.60096693 0.5810509 0.2034507
3.6899998 0.59364486 0.5787973 0.20210174
3.6999998 0.58635795 0.57653403 0.20073846
3.7099998 0.5791087 0.57426244 0.19936159
3.72 0.57189834 0.5719827 0.19797188
3.73 0.5647284 0.5696957 0.19657001
3.74 0.55760074 0.56740284 0.19515681
3.75 0.55059433 0.56510377 0.19373246
3.76 0.54366827 0.5627997 0.19233721
3.77 0.53678334 0.56049114 0.19094099
3.78 0.5299405 0.5581791 0.18953446
3.79 0.52314115 0.55586374 0.1881183
3.8 0.51638615 0.5535457 0.18669301
3.81 0.5096767 0.5512258 0.18525933
3.82 0.5030143 0.5489044 0.1838178
3.83 0.49644887 0.5465824 0.182369
3.84 0.49188864 0.5442599 0.18162446
3.85 0.4895544 0.54193765 0.18165186
3.86 0.4872036 0.53961617 0.1816662
3.87 0.48483694 0.537296 0.18166761
3.8799999 0.48245525 0.53497726 0.18165632
3.8899999 0.4800595 0.532661 0.18163246
3.8999999 0.47765052 0.5303472 0.18159638
3.9099998 0.4752289 0.5280366 0.18154818
3.9199998 0.47279537 0.52572954 0.18148793
3.9299998 0.47035122 0.5234264 0.18141621
3.9399998 0.46789658 0.5211275 0.18137304
3.9499998 0.46543264 0.5188336 0.18132126
3.9599998 0.4629594 0.5165444 0.1812577
3.97 0.4604783 0.5142609 0.18118286
3.98 0.45798993 0.51198316 0.18109684
3.99 0.45549464 0.5097117 0.18099986
4 0.4529953 0.5074466 0.180892
4.0099998 0.45058107 0.5051885 0.18077365
4.02 0.44815958 0.5029374 0.18064481
4.0299997 0.44573176 0.5006938 0.18050565
4.04 0.44329822 0.49845776 0.18035644
4.0499997 0.44085956 0.49622983 0.18019731
4.06 0.43841684 0.49401027 0.1800286
4.0699997 0.4359697 0.49179915 0.17985027
4.08 0.43351936 0.48959687 0.17966256
4.0899997 0.43106592 0.48740345 0.17946558
4.1 0.4286102 0.48521936 0.17925967
4.11 0.4261527 0.48304477 0.17904498
4.12 0.42369354 0.48088 0.17882136
4.13 0.4212333 0.4787249 0.17861094
4.14 0.41877294 0.47658 0.17840606
4.15 0.41631234 0.4744453 0.17819254
4.16 0.4138522 0.4723213 0.17797057
4.17 0.4113927 0.47020772 0.1777402
4.18 0.40893447 0.46810508 0.17750178
4.19 0.40647817 0.46601334 0.1772554
4.2 0.40402353 0.46393284 0.17700104
4.21 0.4015714 0.4618636 0.17673919
4.22 0.39912188 0.4598057 0.17646962
4.23 0.3966756 0.45775917 0.17619273
4.24 0.3942324 0.45572445 0.17590843
4.25 0.3917929 0.45370144 0.17561711
4.2599998 0.38935792 0.4516905 0.1753189
4.27 0.38692677 0.44969133 0.17501372
4.2799997 0.38450062 0.44770434 0.17470191
4.29 0.38207924 0.4457296 0.17438354
4.2999997 0.37971938 0.44376707 0.17405854
4.31 0.37736416 0.44181693 0.17372759
4.3199997 0.37501287 0.43987936 0.17339025
4.33 0.3726666 0.43795413 0.17304687
4.3399997 0.37032533 0.43604138 0.17270142
4.35 0.36798942 0.43414155 0.1723749
4.36 0.36565936 0.43225423 0.17204241
4.37 0.36333466 0.43037987 0.17170388
4.38 0.36101627 0.42851815 0.17135972
4.39 0.3587042 0.42666957 0.17100988
4.4 0.35639846 0.4248336 0.17065452
4.41 0.3540994 0.42301062 0.1702937
4.42 0.35180736 0.42120066 0.16992763
4.43 0.3495226 0.4194036 0.16955644
4.44 0.34724462 0.41761974 0.16918007
4.45 0.3449744 0.41584894 0.1687988
4.46 0.3427117 0.41409105 0.1684126
4.47 0.34045684 0.4123464 0.1680218
4.48 0.3382101 0.41061458 0.16762635
4.49 0.3359716 0.40889615 0.16723023
4.5 0.3337412 0.4071907 0.1668502
4.5099998 0.33151913 0.40549845 0.16646557
4.52 0.32930577 0.40381894 0.1660764
4.5299997 0.3271011 0.402153 0.16568282
4.54 0.32490504 0.4004998 0.16528492
4.5499997 0.32271826 0.39886 0.16488282
4.56 0.3205402 0.3972329 0.16447656
4.5699997 0.31837142 0.3956192 0.16406621
4.58 0.31621218 0.39401847 0.16366726
4.5899997 0.31406212 0.39243075 0.16327167
4.6 0.3119216 0.3908558 0.16287202
4.61 0.30979037 0.38929406 0.16246854
4.62 0.30766928 0.3877452 0.16206124
4.63 0.3055576 0.38642243 0.16165003
4.64 0.3034562 0.38523412 0.16123533
4.65 0.30136406 0.38404566 0.16081701
4.66 0.2992823 0.38285735 0.16039516
4.67 0.29721057 0.38166934 0.15997712
4.68 0.29514897 0.38048205 0.15956938
4.69 0.29309762 0.37929547 0.15915805
4.7 0.2910565 0.37810987 0.16011709
4.71 0.2890252 0.37692508 0.16160823
4.72 0.29020685 0.37574202 0.16305873
4.73 0.29144335 0.37456006 0.16447234
4.74 0.2925784 0.37338 0.16586027
4.75 0.2936241 0.3722016 0.16720389
4.7599998 0.29456723 0.37102535 0.16850196
4.77 0.2954262 0.36985096 0.16975088
4.7799997 0.29626513 0.368679 0.17094637
4.79 0.29711118 0.36750945 0.17207678
4.7999997 0.29781368 0.36634263 0.17316367
4.81 0.29841736 0.36517823 0.1741826
4.8199997 0.29891512 0.364017 0.17515701
4.83 0.29926828 0.36285847 0.17627212
4.8399997 0.29947728 0.36170334 0.17737082
4.85 0.30010104 0.36055106 0.17840675
4.8599997 0.30071265 0.35940254 0.17938103
4.87 0.30118495 0.35825714 0.18030688
4.88 0.3015195 0.35711542 0.18115272
4.89 0.30171877 0.35597745 0.1819191
4.9 0.30180308 0.35484335 0.18265313
4.91 0.30182517 0.35371307 0.1833163
4.92 0.30172232 0.3525867 0.18390475
4.93 0.30149993 0.3514645 0.18442091
4.94 0.3011626 0.35034648 0.18488003
4.95 0.30071667 0.349495 0.18530856
4.96 0.30016822 0.34975654 0.18567282
4.97 0.2995244 0.35001573 0.1859765
4.98 0.29884437 0.35027274 0.18622285
4.99 0.2981004 0.35052752 0.18641607
5 0.29728022 0.35078004 0.18658648
