-1.4
-10.8
-10.1
-8.8
-9.5
-12
-14.2
-12.8
-11
-8.5
-8.5
-13.1
-17.6
-19.4
-16.2
-14.4
-10.8
-8.2
-4.2
-6.6
-13.1
-19
-19.6
-6.6
3
14.1
-4.9
-12.8
-14.4
-20.3
-26
-32.5
-30.6
-17.2
-19.7
-16.3
-16.4
-6.7
2.5
15
23.6
25.2
33.6
46.3
49.2
41.9
35.9
27.1
23.5
33.9
41.2
53
63.9
73.2
65.2
59.9
40
40
6.3
-51.5
-78.7
-60.3
-48.4
-25
-5.9
13.4
30.8
49.9
71
99.5
121.9
152.9
144.9
115.5
93.5
89.2
92.6
83.9
90.1
99.3
120.9
32.8
-147.5
-206.6
-198.9
-203.4
-181.6
-172.5
-175.2
-175.3
-180.5
-163
-134.7
-108.7
-78.2
-42.9
-1.7
36
78.5
116.4
159.8
196
241.2
272.9
303.6
320
341.7
282.1
232.4
-119.8
-237.3
-164
-186.5
-109.5
-75.3
-17.3
11.3
53.3
89.5
118.6
175.7
57.6
-263.1
-154.7
-172.9
-101.2
-57.9
23.7
-67
-198
-164.1
-168.5
-148.1
-123.1
-100.1
-75.1
-52.3
-27.1
-4.4
18.8
-9.5
-43.3
-83.8
-95.1
-71.6
-59.9
-33.4
-10.8
18.5
42
67.3
-9.7
-37.2
-4
1.1
34.4
56.5
88.3
113
136.3
21.9
24.1
68.3
68.9
131.8
135.3
204
-93.1
-130.8
-69.2
-54.6
7.2
67.5
-106.7
-148.8
-107.1
-116.2
-76.2
-55.9
-21.5
-12.6
-67.4
-32.4
-33.7
-10.9
1.7
29.9
48.8
60.8
22.2
-3.2
-24.5
7.7
21.1
56.8
82.6
120.6
147.8
173.7
42.1
2.9
25.9
29.3
-5.5
-14.7
14.3
20.6
49.9
64.5
95.7
112.8
144.7
162.9
194.5
185.6
198.4
176.9
125
-120.7
-54.2
-38.4
-31.1
-111.8
-166.1
-246.4
-202.5
-183.5
-131.7
-96
-32.5
15.4
81.6
131.9
181.8
-5.8
-16.9
28.5
44.7
98.3
142.4
185.3
245.6
168.5
-138
-99.9
-108.9
-90.7
-46.9
-125
-211.1
-161.7
-169.2
-130.6
-111.1
-77.3
-51
-54.4
-120
-120.9
-115.8
-114.5
-71.7
-54.6
6.4
-80.4
-163.4
-85.9
-96.1
-39.6
-14.7
31.9
64.8
87.6
47.2
19.8
-2.7
29.2
44.5
78.5
103.3
135.2
160.6
186.1
128.1
64
20.4
31.4
37.3
49.6
23.5
-8.4
-16.8
-11.3
-22.9
-24.8
-15.7
-6.9
14.7
37.9
57.9
25.5
-4.1
-42.8
-13.3
9.5
23
-12.9
-5
8
21
38
51
15.7
-3.2
-11.1
0.5
7.6
3.5
-9.5
-3.6
-1.6
3.8
8.5
-5.6
-30.4
-42.1
-24.4
-23.6
-17.7
-12.9
-1.8
20.3
-10.8
-9.1
-3.4
-10.6
-11.1
-9.9
-0.2
7.3
23.5
35.5
70.5
77.9
18.4
-26.3
-12.4
-4.2
15.9
4.8
-21.9
-46.7
-42.8
-21.6
-4.3
15.9
32
41.9
12.3
-16
-20.4
-8.2
-20.6
-13.7
-5.5
5.3
13.4
26.6
23.2
7.9
-0.8
20
43.5
49.2
19.1
9.2
-2.2
-2.1
5.2
9.3
25.5
36.8
52.5
54.1
42.5
39.8
55.9
75.6
36.5
41.1
9.8
-20.4
-24.9
-40.5
-41.3
-47.1
-43.3
-45.8
-5.7
17.8
-20.8
-49.2
-53
-36.2
-40.5
-30.8
-31.6
-26.5
-26.5
-26.9
-34.5
-30.9
-21.7
-7.8
8.7
28.1
31
35.8
34.1
35.8
28.7
30.5
11.2
21.4
13.6
38.4
-86.1
-134.9
-134.2
-135.4
-119.3
-104.2
-82.9
-65.1
-44.4
-25.8
-6
-9.1
-18.2
-14.7
8.5
16.3
5
26.4
58.2
86.7
120
169.5
111.1
-110
-36.6
-44.5
-23.6
-96
-65.6
-59.7
-67
-55.2
-2.7
37.8
107.2
166.9
94.7
40.8
66.7
13.2
-9.5
-52
-82.7
-115.2
-115
-80.3
-36.9
2.9
54.5
117.8
161
-27
3.4
-5.6
2
14.6
53.7
79.8
-20.5
-59
-16.9
-17.5
-2.8
7.4
38.2
56.7
75.3
80.1
59.2
30.4
2.3
6.4
-40.6
-45.1
-7.9
16.8
56.7
9.3
-5.5
4.4
-12.3
-28.2
-43.7
-35.2
-25.5
-11.1
20.5
51.9
85.4
114.4
73.3
23.7
-36.8
-27.1
-21.7
-87.3
-97.3
-58.9
-33.6
7.7
25.9
50.8
36.1
8.1
-5.6
-20.9
-31.7
-23.8
-37.6
-55
-72.2
-80.3
-52.3
-34
-1.1
6.5
-3.7
-0.5
-16.8
-41
-8
7.9
37.4
61.5
66.5
25.4
-5.7
-47.4
-35.6
-24.3
-4.8
12.6
37.9
24.1
-22.7
-42.8
-67.9
-66.1
-59
-51.3
-40.8
-30.9
-26.6
-54.1
-62.8
-90.8
-110.7
-88.1
-77
-58.2
-47.3
-33.3
-19.9
2
21.1
43.2
61.3
76.7
93.3
106.6
113
118.7
124.7
133.4
159.4
179.7
203.7
123.6
44.2
-14
-66.6
-55.5
-69.3
-98.4
-124.6
-117.9
-105
-92
-74.3
-80.9
-85
-86
-86.3
-87.3
-86.8
-88.5
-53.7
5.2
21.5
24.5
58
31.4
23.6
48.5
58.9
52.5
35.5
19.7
19.9
49.2
34.3
28.8
43.2
23.9
8.8
7.7
-14.8
-7.7
-1.9
7.5
4.4
-14.5
-31.6
-24.1
-2.8
18.2
42.6
43.9
51.2
46.6
47.9
19.3
22.2
27.4
39.3
50.4
57.7
58.8
82.2
79.7
94.9
34.5
4.5
-12.3
-34.7
-42.6
-41.6
-27.5
-27
7.4
42.8
-23.1
-38.7
-8.3
13.9
44.5
2.7
-69.7
-79.6
-25.1
-13.5
7.9
-11.5
-25.1
-33.3
-26.9
-30.1
-20
-6.7
-3.8
10.5
29.6
34.4
95.7
89.8
17.9
-36.2
-99.4
-80.7
-74.4
-53.9
-33
-12.8
3.1
14.8
50.8
-2.2
-48.9
-35.8
-69.1
-51.6
-37.1
8.8
63.2
84.1
127.6
138.8
119.3
75.1
22.5
-8.8
-22.7
7.4
18.1
54.4
39.9
4.5
-8.2
-18.5
-2
0.6
-11.7
-21
-30.3
-51.2
-72.7
-57.9
-26.6
-17.8
4
9.8
13.7
22.1
43.7
9.1
-54.8
-55.5
-24.3
-8.1
25
41
18.2
-2.7
-24.3
-1.5
24.7
48.2
78.3
62.2
33.1
-1.4
-19.5
-24.7
-21.2
-11
5
24.1
-3.4
-21.6
-47.1
-36.3
-19.5
-1.8
17
-8
0.5
23
37.4
60.1
51.6
43.2
34.4
50.5
65.3
68.3
17.2
-17
-52.7
-66.4
-38.7
-22.2
-3.3
11.9
-12.8
-35.1
-51.4
-33.5
-21.8
-1.2
14.2
7
-6.3
-12
-32.2
-34.6
-9.1
7.3
30.9
47.2
60.3
57.6
33
-7.3
-77.7
-60.8
-43.8
-20.9
3.1
35
29.3
12.1
33.8
31.7
25.4
20.6
19.8
17.4
2.1
-14.4
-34.3
-33.9
-14.5
-2.8
17
-9.6
-25.5
-27.9
-38.8
-24.2
-21.5
-18.2
-17.4
-3.8
-2.7
-18.5
-12.3
8.7
34.3
69.5
91
85.3
76
51.3
18.6
1.5
-19
-15.1
-7.3
2.1
12.9
21.5
2.4
-12.4
-32.9
-51.9
-70.8
-57.9
-46.2
-30.7
-14.5
-0.9
-18
-31.8
-46.5
-39.1
-34.5
-31.6
-43.5
-49.1
-47.5
-42
-36.1
-27.7
-25.8
-13.9
-6.8
50.7
72.2
87.8
78.2
76.5
43.9
8
1.3
-12.6
-1.5
3
10.4
10.4
19.3
20.5
7.4
-5.6
-7.2
7
10.6
14.7
-0.9
-15.9
-18.7
-0.7
15.5
10.5
-11.5
-30.2
-30.9
-9.5
-5.8
0.4
2
5
5.7
9.7
13.4
17.7
21.8
26.1
30.2
34.6
38.6
47.4
39.3
23.8
11.5
-7.9
-12.4
5.4
2.7
-25
-56.6
-63
-59.1
-41.3
-6.8
27.2
27.7
-2.1
-6
-11
-22.1
-41.6
-51.9
-22.2
3
7.9
13.9
17.1
25.3
32.3
39.1
16.4
-13.6
-32.3
-29.1
-28.7
-30.4
-33.9
-24.5
-7.6
12.5
37.6
40.2
24.5
15.6
-4
-15.3
-28.9
-31.6
-11.1
9.4
33.5
57.6
42.4
14.3
-0.7
-13.5
-27
-34.1
-35.7
-39.6
-40.2
-48.8
-48
-40.6
-40.7
-35.1
-18.7
-5.7
4.4
-1.9
-7.2
-16.9
-11.5
12.6
35.8
65.4
71.6
76.2
73.9
62.8
48.4
26.4
-4.4
-28.8
-38.4
-49.2
-42.8
-41.6
-27.6
-5.2
23.7
42.6
60.4
45.2
28.4
12.6
-5.4
-27.5
-42.3
-17.5
0.1
25.4
48.1
64.1
55.4
41.3
18.4
-4.8
-30.3
-53.1
-70.8
-92.8
-86.3
-63.1
-37.6
8.7
30.9
58.9
61.4
38.5
35.1
31.1
24.6
1.9
-19.8
-15.8
-1.5
9.9
28.6
40.8
56.3
53.1
31.4
16.5
-2.4
-18.9
-27.6
-37.1
-45
-53.4
-48.3
-37.9
-29.6
-19.6
-18.4
-15.9
-11.9
-5.3
0.2
5.9
-2.3
-11.2
-20.5
-32.2
-38.8
-34.1
-28.7
-32.8
-40.7
-48.7
-56.3
-64.4
-55.5
-44.6
-0.8
25.3
41.1
64.4
57.9
47.4
38.4
38.5
34
35.7
0.8
-25.4
-46
-47.1
-22.2
-6.5
16.4
35.5
50.4
37.1
28
15.8
4.1
-2.7
2.1
4.4
9.9
13.5
9.4
5.8
2.2
-3.1
-3.1
0.4
-2.5
-12.4
-23.5
-40.6
-53
-70.1
-32.3
-5.2
9.4
32.8
47.8
50.9
35.8
34.2
30.6
28.5
26.3
16.8
-0.5
-21.2
-36.5
-31
-29.7
-28
-23.7
-26.6
-30.8
-36.6
-35.7
-30.8
-19.3
1.9
19.6
16
12.9
14
11
10.8
9.2
8.9
1.9
-13.1
-24.7
-43.6
-43.2
-30
-19.2
-4.8
9.7
16.8
14.8
17.3
7.8
-5.8
-21.5
-23.4
6
26.2
26.9
8.4
-4.1
-22.7
-7.6
3.1
18.2
31
47.9
45.9
16.6
-5.8
-39.6
-44.4
-24.1
-10.1
21.7
26.1
12.1
0.8
-16.8
-38.2
-56.6
-78.1
-61.9
-25.6
4.4
45.6
78.3
110.3
95.3
48.9
12.2
-38.7
-84.6
-122.6
-86.4
-61.6
-22.8
15
47.7
32.3
24.8
9.5
22.7
33.8
50.5
59.4
51.9
55.2
59.5
61.7
59.3
46.6
15.8
-7.7
-23
-30.3
-32.9
-36.4
-49
-66
-72.3
-78.4
-84.6
-56.6
-20.9
12.8
38.1
48.8
36.3
25
15.8
37.7
59.4
63
37
21.7
4
2.3
-6.2
-28.6
-38
-45.7
-50.5
-77.7
-62.8
-18.9
18.9
50.9
74.4
74.9
56.2
45.5
52.5
63.5
73.1
85.1
92.7
97.5
92.9
81.4
26.4
-28.9
-90.1
-136.4
-85.9
-46.8
8.1
59.4
82.3
55.6
30.1
-1.1
-38
-34.7
-2
18
63.3
101.3
112.2
110.7
94
80.5
60.8
50.8
20.6
-20.1
-57.2
-102.1
-133.2
-122.5
-120.7
-100.6
-76.2
-54.8
-48.9
-40.5
-29.1
-17.6
-14.1
-9.8
-5
1.9
8
3.5
-2.9
-6.1
-3.4
-1.3
7.6
20.5
32.7
45
57.7
56.2
46.4
30
10.7
-0.4
-3.3
-6.9
-10.1
-20.1
-18.8
2.5
13.4
24.3
26.6
26.5
15.5
-1.9
-9.5
-21.6
-16.7
-12
-6.4
-12.9
-16.3
-19.3
-24.2
-23.6
-17.5
-12.4
-18.5
-26.5
-32.3
-33.6
-45.4
-43
-33.4
-21.3
-6.9
3
0.3
-9.3
-8.9
-15
-16.4
-23.8
-32.3
-42.1
-45.7
-39.7
-34.9
-25.8
-17.2
-2
15.6
28.4
36.2
35.4
26.9
10.1
-4.5
-12.5
-24.5
-22.9
-12.6
-6.8
1.8
9.3
20
28.6
36.5
31.1
18.1
2.4
-15.6
-31.9
-21.9
-11.8
1.5
15.3
29.8
24.3
13.6
10.2
2.4
-1
-2.3
-3.6
-4.8
-8.9
-15.5
-14.8
-7.6
0
-2
-14.8
-22.5
-37.4
-36.5
-25.1
-16.4
-1.4
15.3
30.2
39.3
40.6
38.5
32.9
18.3
12.5
7
-0.1
-6.8
-13
-12.8
-11.5
-10.2
-8.4
-14.1
-20.5
-26.9
-35
-35.9
-29.7
-22.7
1.8
9.9
20.3
25.6
19.9
16
10.7
15.6
19.8
24.2
14.1
5.5
-6.6
-9.7
-2.6
1.6
10
9.4
3.9
0
-6.6
-9.9
-10.9
-11.5
-13.1
-16.8
-19.9
-10.4
-1
5.5
12.9
20
19.9
16.9
14.3
10.9
12.8
15.2
13.7
11.7
9.7
6
-2.8
-5
-8.4
-17.8
-32.1
-42
-51.8
-47.2
-39.4
-29
-11
5
13.2
15.7
17.7
19.5
25.5
33.1
32.8
25.2
17.3
4.5
-8.5
-19
-22.9
-30.4
-27.7
-22.7
-17.4
-12.1
-12.6
-12.9
-8
-2.6
3.9
6.5
5.5
5
6.4
12.6
17.9
24.3
30.7
29.8
25.1
21.6
16.3
19.2
23.4
28.2
30.1
19.6
10.6
-3.9
-16.3
-32.2
-33.5
-21.9
-14.8
-1
1.1
-5.3
-10.1
-12.6
-14.3
-12.9
-10.4
-7.1
-1.8
3.3
8.5
15.8
23.9
31.9
34.1
31.8
21.3
7.3
0.9
-1.5
-4.7
-7.5
-12.1
-15.6
-11.6
-5.6
-0.6
-0.3
-0.3
1.4
4.6
7.2
8.6
9.8
12.4
14.7
17.2
20
25.6
31.7
28.7
23.1
10.5
-0.1
-1.1
-3.6
-5.3
-8.3
-5.2
-0.7
3.7
9.6
15.5
20.5
14.3
7.3
2.1
-2.2
-7
-10
-7.5
-5.4
-2.9
-1.5
0
-0.1
-0.6
-1.1
-1
-0.3
0.1
1.6
5.3
8.6
12.6
15.4
13.1
10.2
5.6
0.6
-4
-9.8
-9.6
-4.6
-0.7
3.1
4.5
6.8
5.2
4.5
1.8
-0.2
-2.9
-2.8
-1.7
-0.6
-0.5
-1.7
-2.2
-3.6
-3.2
-0.7
1.4
4.1
6.5
6.3
5.2
0.6
-4.5
-7.6
-6.4
-6.5
-10.7
-16.1
-17.4
-11.7
-7
-3.6
-2.5
-0.2
0.4
3.6
8.2
11.5
7
3.8
-1
-2.5
-3.4
-4.1
-4.5
-6.5
-12
-11.7
-10.8
-9.8
-8.1
-7.6
-11
-13.8
-16.6
-14.4
-13
-11.1
-10.8
-9.8
-9.8
-6.3
-0.2
5.4
11
15.2
19.7
17
14
10.3
6.4
1
-6.7
-10.5
-12.2
-13.8
-16.6
-21.5
-26.9
-27.4
-21.7
-17.8
-11.6
-6.1
0
5.4
9.9
14.4
18.7
23.2
26.2
25.5
22.7
17.1
12.7
5.4
-4.7
-14.9
-21
-25.4
-25.2
-24.5
-22.6
-17.9
-13.6
-8.2
-1.4
4.4
8.9
9.7
10
10
10.4
13.6
12.1
10
7.2
1.9
-2.8
-8.3
-13.1
-19
-19.4
-13.9
-10
-4.4
-4.4
-4
-4.5
-4.9
-3.9
-2.1
-2.2
-1.6
-1.6
-1.2
-1.2
2.8
6.8
11.5
9.6
5.6
1.7
-3.1
-7.8
-9.2
-9.2
-9.5
-9.2
-8.6
-5.2
-2.2
1.4
3.8
3.4
3.4
2.9
4
5.4
6.7
8.5
8.7
7.7
7
6.1
7.5
8.7
10.2
11.1
9
7.5
5.3
6.2
7.9
9.7
11.8
13.5
10.5
7.7
4.4
1.2
-2.1
-4.2
-6.8
-8.7
-12
-15.9
-19.8
-23.3
-25.8
-27
-27.8
-28.7
-27.8
-27
-25.8
-25.1
-21.9
-17.3
-12.9
-10.9
-10.5
-9.5
-9.1
-7.2
-5.9
-4
-2.3
1.8
3.5
4.2
4.8
4.3
4.3
3.8
3.6
3.2
4.7
6.3
8.5
11
13.4
16
18.1
17.3
16.8
15.9
14.7
10.8
6.8
3.2
0.9
1.9
2.8
4
5.4
6.9
9.5
11.7
14.3
14.3
12.5
12.2
12.4
12.6
13
13.3
10.6
7.9
4.6
2
0.5
-1.1
-2.5
-1.1
1.8
4.3
7.6
10.3
13.3
10.1
6.2
1.8
-2.7
-8
-8.9
-5.4
-3
0.6
1.2
2.2
2.7
3.2
4.8
6.9
8.9
11.2
13.3
14
13.7
14
13.5
13.9
10.2
3
-3.2
-6.3
-8.5
-11.2
-15.7
-19.7
-18.8
-18.2
-17
-15.6
-14.2
-12.9
-12.5
-12
-11.6
-11.4
-10.6
-6.4
-2.1
0.2
-0.4
-0.4
-1.4
-1.9
-0.8
1.1
2.7
5
5.3
4.2
3
1.1
-0.5
-2.4
-2
-0.7
0.4
1.9
3.3
4.8
5.7
6.5
7.4
8.1
9.1
12.7
16.9
14.4
10.5
7
3.5
0.2
-3.2
-6.4
-9.5
-9.1
-8.3
-7.3
-5.1
-3
-0.4
3.3
5.2
4.4
4
3
2
1
0.1
-1
-1.4
0.2
1.6
3
2.3
1.6
1.6
2.6
3.2
4.5
4.6
2.1
-0.3
-3
-6
-8.7
-11.6
-10.7
-9.4
-7.8
-6.8
-6.3
-5.7
-5
-4.1
-3.3
-2.4
-1.4
-0.5
0.4
1.3
2.1
0.1
-1.8
-4
-6.4
-8.7
-11
-12.9
-15.1
-16.5
-17.4
-18.4
-19.4
-20.2
-21.3
-19.8
-17.3
-13.5
-6.5
-1.4
2
5.5
8.2
8.9
10.2
9.3
8
6.1
3.3
0.3
-2.4
-5.7
-4.5
-1.3
1.3
3.3
4.8
5.4
5.8
6.2
6.5
6.9
7.2
7.5
7.7
7.3
6.9
6.4
5.8
5.4
4.8
6.1
7.9
9.6
11.4
12.6
13.9
13.1
12.3
11.4
10.3
8.7
7.2
5.6
4
2.4
0.7
0.4
0.8
0.9
2.3
4.2
5.2
6.1
7.2
7.9
8.9
9.5
9.5
9.3
8.9
2.5
0
-0.5
-2
-2.4
-3.3
-4.8
-6.4
-8
-9.7
-11.4
-12.8
-10.6
-8.9
-6.6
-4.3
-1.9
-1.1
-0.9
-0.5
-0.4
0.5
1.4
2.4
3.5
4.3
4.4
3.9
1.3
-0.8
-3.6
-4.7
-5.5
-6.2
-6.8
-7.3
-8
-7.5
-6.4
-2.8
0.5
4.6
6.5
6
6
5.4
4.9
4.4
3.9
2.9
0
-2.6
-5.2
-4.2
-3.7
-2.5
-1.5
-0.2
0.2
0
-0.1
-0.4
-0.7
-0.6
-0.1
0.3
0.7
-0.1
-0.7
-1.5
-2.4
-2.9
-2.8
-2.8
-2.5
-2.4
-2.1
-2.7
-4.4
-5.8
-7.6
-8.4
-8.2
-8.3
-7.5
-5
-2.8
-0.2
1.8
1.8
2.1
2.1
2.1
3.1
4.3
4.9
4.9
4.9
4.8
4.7
5.2
6.7
7.9
9.5
9.7
9.6
9.6
9.3
9.1
8.9
8.7
8.4
8.2
8
7.7
6.2
4.7
3.5
3.6
3.4
3.5
3.6
3.2
1.9
1.5
1.4
1.2
1.2
1.1
0
-1
-2
-2.5
-2.9
-3.3
-3.7
-4.8
-6.3
-7.7
-9.2
-10.7
-12.2
-13.8
-14.3
-12
-10.3
-7.8
-6.7
-6.3
-5.8
-5.6
-5.3
-5
-4.8
-4.5
-4.2
-3.9
-3.1
-2.6
-1.1
1
3.1
4.6
4.8
5.4
5.5
6.3
8.4
10.1
8.4
7.1
5.3
3.3
2.8
2.9
2.8
2.7
1.2
-0.1
-1
-1.1
-1.6
-1.5
-3.1
-6.8
-9.9
-10.2
-10.5
-10.6
-9.9
-8.9
-7.9
-7.4
-7.2
-6.8
-6.7
-6.3
-4
-1.3
1.3
4.3
7.1
9.9
8.6
6.3
4.1
1.3
-1.4
-3.5
-3.7
-4.4
-4.6
-4.9
-5.1
-5.4
-5.6
-5.8
-4.6
-2.9
-1.3
0.7
1.7
1.9
2.5
2.5
3.5
5
6.4
8
9.4
9.7
10.2
10.5
10.8
11
10.4
9.9
9.3
8.6
7.9
7.2
6.3
5.5
4.6
3.8
3.1
2.7
2.1
1.7
1.2
0.7
0.3
0.8
1.3
1.9
2.2
0.9
-0.3
-1.7
-3.1
-4.7
-5.3
-4.8
-4.3
-3.8
-2.5
-0.9
0.7
1.7
2.2
3.5
6.1
8.3
11.2
10.7
8.7
7.1
4.7
2.7
0.4
-1.6
-2.4
-3.3
-4.6
-6.9
-8.4
-8.8
-9.3
-9.5
-9.7
-9.9
-10.1
-10.2
-9.8
-9.5
-9
-8.7
-8.9
-9.1
-9.3
-9.6
-9.7
-8.8
-8.1
-7.1
-6.8
-6.8
-6.7
-6.7
-6.6
-6.6
-6.4
-5.6
-5
-4.3
-3.4
-2.3
-1.3
-0.2
1
1.7
0.9
0.3
-0.5
-1.4
-0.7
0.6
1.6
1.3
1.2
0.8
0.5
0
0.2
0.9
1.4
2.1
2.2
1
0
-1.2
-2.4
-2.4
-1.9
-1.6
-1.8
-2.2
-2.7
-3
-2.6
-2.2
-2.2
-3.2
-4.1
-5.1
-4.6
-4.3
-3.8
-3.2
-2.6
-2
-1.9
-1.8
-1.5
1.3
4.1
6.7
7
7.6
7.8
8
8.1
8.4
7.8
6.1
4.8
3.1
2.9
3
3.2
3.5
3.7
2.4
0.7
-0.8
-2.8
-3.5
-2.2
-1.3
0.1
0.3
0.1
-0.1
-0.5
-0.8
-1.1
-1.5
-1.2
-0.8
-0.4
0.1
0.5
0.8
0.8
0.9
1
2.2
3.3
4.6
5.9
7.2
7.9
6.2
5
3.2
1.6
-0.4
0
3
5.2
8.7
8.2
3.1
-0.2
-6.2
-2.8
5.8
13
22.1
18.5
9.4
9.1
7.7
9
1.6
-8.4
-20
-14.8
-0.7
10.7
9.9
4.8
0.3
-6.9
-10.7
-1.5
6.9
13.8
6.7
2
3.5
9
8.6
5.2
2.4
1.6
1.3
-1.1
-3.4
-6.7
-5.4
-2
1.4
4.8
9.7
5.8
-4.8
-11.9
-9.5
-6
-2.4
3.2
3.8
1.4
-0.1
-0.7
0.6
1
2.4
1.3
0.4
-0.8
-2.7
-5.5
-8.4
-9.3
-6.1
-3.6
-0.2
3.3
3.7
-1.4
-4.5
-10.3
-7.7
-2.3
3.1
4.1
2.6
1.3
1.5
6.1
7.3
7.4
7.6
7.3
7.1
5.7
3.8
2.1
-0.2
-3.3
-6.4
-6.8
-5.1
-5.4
-5.4
-5.7
-3.3
0
3.3
7
9.6
8.5
8
6.8
7.5
7.7
8.5
6.1
3.7
0.7
-0.1
0.4
0.5
-1
-2.9
-4.6
-6.9
-6.5
-4.4
-2.8
-0.7
-2.3
-3.3
-5.1
-6
-5.6
-5.4
-5
-6.6
-9.1
-11.4
-14
-13.8
-14
-12.1
-9.6
-7.4
-4.6
-3.4
-4.2
-4.5
-5.5
-6.3
-7.2
-8
-7.3
-5.2
-3.7
-2.6
-1.4